10191598
10191799
11161701
11161804
12141901
12141902
12142004
12142005
12142104
12142105
12142106
12142108
12142180
12142189
12161698
12164910
12352305
13111027
14111508
14111514
14111608
14111701
14111806
15101506
15121503
15121504
15121509
15121520
15121527
15121802
15121804
15121902
20143302
21101589
21101897
23152198
23271486
24101608
24101626
24111506
24111511
24112108
24112414
24141603
25101514
25101792
25101802
25111942
25171702
25171708
25172011
25172101
25172105
25172106
25172108
25172110
25172197
25172406
25172504
25173805
25173899
25174107
25174402
25174406
25174489
25174498
25174803
25174893
25174897
25175002
25179995
26111508
26111699
26111707
26111709
26111711
26121603
26121606
26121607
26121637
26121652
26141799
27113201
30103297
30111504
30111598
30121601
30121998
30129991
30129995
30141508
30141511
30161598
30161602
30161703
30171505
30181505
30181509
30181516
30191801
31162001
31201517
31211602
31261502
32101525
39111596
39111605
39112003
39121008
39121039
39121306
39121523
39121635
39121643
39121699
39121703
39122323
39131709
40101807
40141902
40151546
41103417
41103517
41111717
41111916
41111938
41111970
41112105
41112114
41112906
41113057
41113199
41113330
41113666
41114404
41115513
41115603
41115609
41119911
42131604
42141802
42142105
42171613
42181605
42181801
42181904
42182299
42182308
42183021
42241507
42251698
42271612
42272209
42292603
43191501
43191504
43191508
43201407
43201903
43202002
43211505
43211607
43211608
43211702
43211796
43221527
43222605
43222608
43222644
43223341
43232099
44102001
44102403
44103109
44103112
44111501
44111517
44111523
44121505
44121604
44121612
44121704
45101603
45111819
45121595
45121602
46111704
46151602
46151605
46151797
46161519
46161525
46161529
46161535
46161571
46161588
46161593
46171524
46171602
46171616
46171672
46171673
46171687
46181520
46181613
46181698
46181699
46181704
46182003
46191501
46191502
46191613
46191619
46200104
47101512
47101516
47101518
47109964
47109968
47109982
47109997
47121703
47131605
47131805
47131899
48101610
48101899
48131503
49101709
49121502
49121596
49121603
49201698
50121902
50161814
50171707
50181905
50202206
50202299
50221102
51260102
51260103
51260106
51270101
51270102
51270105
51270107
51270305
51270308
51270506
51280102
51280106
51280205
51280402
51280504
51280505
51280506
51290401
51310104
51310105
51310401
52101501
52121504
52121598
52151636
52151706
52151804
52152006
52152010
52152103
52161518
53102202
53102204
53102501
53102599
53102704
53102708
53102801
53103001
53111701
53121503
53121601
53121704
53121705
53131502
53131503
53131599
53131603
53131621
53131699
53141504
54101503
54111602
55101516
55121701
55121799
56101528
60101608
60106208
60121009
60131214
60131314
60131317
60131318
60131320
60131321
60131323
60131405
60131408
60131410
60131414
60131418
60131419
60131423
60131440
70111603
72141103
72152799
73152180
73169002
73169003
73169092
73169096
73171693
80161590
81111801
81111809
86101698
90101699
90121598
99241016
99271120
99401616
99411122
99411131
