10121599
10161599
10161601
10161699
10161802
10171501
10171504
10179999
10191509
10191598
10191703
10191799
11101701
11111698
11161701
11161801
11161804
12141901
12141902
12141903
12141904
12142004
12142005
12142104
12142105
12142106
12142108
12142180
12142189
12161599
12161698
12161990
12164001
12164904
12164910
12164999
12352305
13101607
13111027
14111506
14111507
14111508
14111511
14111514
14111542
14111608
14111701
14111703
14111704
14111806
14111899
14121699
14121999
15101504
15101505
15101506
15121501
15121503
15121504
15121509
15121520
15121527
15121802
15121804
15121902
20143302
21101501
21101502
21101503
21101504
21101506
21101587
21101588
21101589
21101593
21101598
21101601
21101602
21101696
21101701
21101703
21101704
21101705
21101706
21101786
21101801
21101803
21101804
21101806
21101897
21101899
21102302
22101529
23152198
23153130
23181506
23181604
23181998
23261507
23261601
23271486
24101501
24101503
24101511
24101599
24101601
24101608
24101626
24101676
24101682
24101685
24101689
24101696
24102004
24111503
24111506
24111511
24111803
24111805
24111810
24111897
24112108
24112401
24112404
24112414
24131501
24131503
24131902
24141603
25101501
25101502
25101503
25101507
25101514
25101518
25101601
25101611
25101698
25101703
25101789
25101790
25101791
25101792
25101793
25101802
25101901
25101910
25101963
25101969
25101977
25101980
25101984
25101987
25101988
25101990
25101991
25101994
25111942
25131899
25171702
25171708
25171901
25172002
25172011
25172101
25172104
25172105
25172106
25172108
25172110
25172112
25172132
25172197
25172203
25172205
25172303
25172406
25172503
25172504
25172604
25172699
25172710
25172901
25173001
25173108
25173805
25173813
25173896
25173899
25174106
25174107
25174402
25174406
25174407
25174489
25174490
25174495
25174496
25174498
25174499
25174601
25174699
25174803
25174806
25174892
25174893
25174894
25174895
25174897
25175002
25175111
25179995
25179996
25179997
26101726
26111508
26111601
26111607
26111692
26111699
26111704
26111707
26111709
26111711
26121524
26121603
26121606
26121607
26121609
26121629
26121637
26121652
26121705
26121799
26141799
27112914
27113201
27131605
30101619
30101704
30102204
30102803
30102903
30103201
30103206
30103297
30103298
30103605
30103699
30109902
30111504
30111505
30111592
30111593
30111595
30111596
30111597
30111598
30111601
30111801
30121601
30121695
30121699
30121702
30121703
30121715
30121716
30121779
30121783
30121784
30121787
30121788
30121789
30121793
30121794
30121795
30121891
30121893
30121896
30121897
30121898
30121899
30121998
30129991
30129992
30129993
30129994
30129995
30129997
30129998
30129999
30131502
30131503
30131514
30131592
30131596
30131602
30131603
30131702
30131704
30141503
30141508
30141511
30151590
30151599
30151802
30151899
30151901
30152001
30152299
30161502
30161505
30161598
30161601
30161602
30161702
30161703
30161705
30161717
30161797
30161908
30171503
30171504
30171505
30171510
30171588
30171695
30171696
30171698
30172099
30179997
30179999
30181502
30181504
30181505
30181508
30181509
30181516
30191606
30191801
30191896
30201705
30201796
30222003
30222017
30222064
30222097
30231501
30231602
30231699
30231701
31162001
31162598
31162801
31163299
31163403
31181506
31201517
31211502
31211513
31211522
31211599
31211602
31251505
31261502
32101525
32101528
32101617
39101614
39101617
39101699
39111501
39111515
39111521
39111525
39111526
39111596
39111599
39111603
39111605
39111606
39111608
39111611
39111697
39111706
39111801
39112001
39112003
39112102
39121001
39121004
39121006
39121008
39121011
39121039
39121060
39121101
39121103
39121104
39121107
39121189
39121195
39121303
39121306
39121310
39121406
39121410
39121499
39121521
39121523
39121543
39121610
39121613
39121614
39121635
39121643
39121699
39121703
39121801
39122323
39131701
39131702
39131704
39131705
39131706
39131709
39131712
40101601
40101602
40101604
40101701
40101708
40101709
40101713
40101714
40101715
40101723
40101787
40101806
40101807
40101808
40101834
40101840
40101866
40101872
40101893
40101894
40101902
40102001
40102002
40102092
40102095
40141607
40141615
40141620
40141652
40141688
40141693
40141694
40141782
40141784
40141786
40141789
40141791
40141795
40141798
40141902
40142102
40142109
40142123
40142185
40142189
40142190
40142194
40142197
40142298
40142312
40142384
40142389
40142393
40142396
40151503
40151513
40151546
40151558
40151566
40151570
40161502
40161505
40161506
40161602
40161605
40161699
40172503
40172517
40172598
41103005
41103011
41103415
41103417
41103502
41103517
41111703
41111717
41111798
41111916
41111926
41111938
41111970
41112105
41112114
41112407
41112498
41112501
41112504
41112906
41113057
41113118
41113199
41113319
41113330
41113666
41114404
41115513
41115603
41115609
41119911
42131604
42131612
42141802
42142105
42171613
42172013
42172101
42181590
42181602
42181605
42181795
42181801
42181904
42182299
42182308
42182705
42183021
42192201
42199098
42241507
42251698
42271612
42272209
42292603
43191501
43191502
43191504
43191508
43191510
43191511
43201401
43201402
43201404
43201407
43201553
43201557
43201614
43201619
43201802
43201803
43201818
43201827
43201830
43201903
43201999
43202002
43211501
43211503
43211505
43211507
43211509
43211514
43211593
43211594
43211595
43211596
43211607
43211608
43211702
43211711
43211714
43211796
43211797
43211902
43212001
43212104
43212105
43212107
43212115
43221525
43221527
43221721
43221733
43221788
43221797
43221896
43222501
43222605
43222608
43222609
43222612
43222615
43222619
43222640
43222644
43222696
43222817
43222818
43222897
43223308
43223339
43223341
43231512
43231513
43231599
43232005
43232099
43232102
43232107
43232299
43232304
43232309
43232499
43232505
43232605
43232608
43232902
43232999
43233001
43233004
43233201
43233205
43233420
43233499
43233501
43233502
43233503
43233506
43233599
44101501
44101503
44101599
44101602
44101603
44102001
44102103
44102105
44102403
44102501
44102805
44103103
44103105
44103109
44103112
44103198
44111501
44111509
44111517
44111518
44111523
44111906
44111911
44121505
44121506
44121604
44121612
44121704
45101507
45101603
45111603
45111616
45111697
45111705
45111706
45111707
45111765
45111767
45111784
45111798
45111802
45111810
45111819
45111893
45111902
45121504
45121516
45121522
45121595
45121601
45121602
45121603
45121609
45121613
45121623
46111702
46111703
46111704
46151501
46151602
46151605
46151797
46161504
46161506
46161508
46161516
46161519
46161525
46161526
46161529
46161535
46161566
46161570
46161571
46161572
46161575
46161579
46161583
46161585
46161588
46161591
46161593
46161596
46161597
46161604
46171524
46171602
46171604
46171610
46171616
46171619
46171622
46171669
46171672
46171673
46171681
46171685
46171687
46171692
46181509
46181520
46181543
46181613
46181695
46181698
46181699
46181702
46181704
46181710
46181802
46182001
46182003
46182401
46182497
46182504
46191501
46191502
46191505
46191596
46191601
46191603
46191605
46191607
46191609
46191612
46191613
46191619
46191671
46191683
46200104
47101505
47101506
47101512
47101513
47101514
47101516
47101518
47101525
47101535
47101608
47109964
47109968
47109969
47109970
47109978
47109980
47109982
47109987
47109997
47111502
47111503
47121602
47121604
47121697
47121701
47121702
47121703
47121799
47121805
47121898
47131605
47131707
47131805
47131810
47131816
47131823
47131899
47131901
48101511
48101517
48101521
48101530
48101610
48101615
48101710
48101714
48101799
48101809
48101818
48101819
48101894
48101896
48101898
48101899
48102095
48102096
48102097
48102098
48102103
48131503
48999895
49101602
49101609
49101701
49101709
49121502
49121504
49121596
49121603
49141506
49141507
49141698
49171501
49201501
49201603
49201605
49201697
49201698
49211819
49221506
49221584
49241501
49241502
49241504
49241505
49241511
49241592
49241594
49241596
49241597
49241598
50101799
50112099
50121538
50121598
50121613
50121804
50121902
50131610
50131702
50131802
50151513
50151515
50161512
50161814
50171551
50171552
50171553
50171707
50171830
50171831
50171832
50172001
50172002
50172003
50172004
50172006
50179998
50181902
50181905
50181906
50181998
50182001
50182005
50191507
50192401
50192602
50192697
50192902
50202202
50202206
50202208
50202209
50202210
50202299
50202304
50202306
50202309
50221102
50221201
50221296
50467001
50467002
50467004
50467005
50467096
50467097
50467098
50467099
51260102
51260103
51260104
51260106
51260107
51260201
51260202
51260204
51260301
51260302
51260401
51260403
51270101
51270102
51270104
51270105
51270107
51270108
51270109
51270202
51270301
51270302
51270303
51270304
51270305
51270307
51270308
51270309
51270405
51270506
51270603
51270604
51270605
51270606
51270609
51270610
51280102
51280106
51280203
51280205
51280301
51280402
51280501
51280504
51280505
51280506
51280508
51290401
51310104
51310105
51310108
51310109
51310206
51310301
51310401
51310402
51320204
51320205
51320209
51320302
51320303
52101501
52121502
52121503
52121504
52121505
52121506
52121508
52121512
52121598
52121703
52131501
52131602
52131702
52141502
52141525
52141553
52141554
52141601
52141604
52141804
52151636
52151704
52151706
52151804
52152004
52152006
52152010
52152016
52152101
52152103
52152202
52161505
52161512
52161515
52161517
52161518
52161520
52161521
52161533
52161540
52161545
52161547
52161551
52161568
52161610
52161611
53101602
53101604
53101802
53101804
53102202
53102204
53102301
53102303
53102399
53102402
53102501
53102502
53102503
53102504
53102505
53102512
53102520
53102599
53102701
53102702
53102704
53102708
53102710
53102798
53102799
53102801
53102902
53103001
53103101
53111601
53111602
53111701
53111901
53121503
53121599
53121601
53121603
53121704
53121705
53131502
53131503
53131599
53131603
53131608
53131621
53131627
53131699
53141504
54101503
54111501
54111601
54111602
55101516
55101520
55101529
55101599
55121503
55121612
55121701
55121702
55121704
55121705
55121710
55121717
55121718
55121796
55121799
55121804
55121903
55121904
55121905
55121908
55121999
56101502
56101507
56101508
56101515
56101516
56101519
56101520
56101523
56101528
56101529
56101530
56101531
56101538
56101542
56101543
56101588
56101589
56101592
56101601
56101605
56101701
56101702
56101703
56101706
56101708
56101793
56111601
56111602
56112101
56112102
56112105
56112106
56112108
56112109
56121001
56121002
56121099
56121402
56121501
56121502
56121505
56121506
56121507
56121508
56121597
56121598
56121699
56121703
56121798
56121804
56121903
56122001
56122002
56122004
60101608
60102799
60106101
60106208
60109399
60109898
60109899
60121002
60121009
60121227
60121499
60131211
60131212
60131214
60131223
60131227
60131310
60131311
60131312
60131314
60131317
60131318
60131319
60131320
60131321
60131322
60131323
60131405
60131408
60131409
60131410
60131411
60131414
60131417
60131418
60131419
60131423
60131434
60131440
60131505
60131507
70111603
72102906
72141103
72151296
72151299
72151398
72151699
72152799
72153999
73152180
73169002
73169003
73169007
73169008
73169092
73169093
73169095
73169096
73169098
73169099
73171693
76101590
76111599
77111698
78101808
78111501
78111599
78111808
78180299
80161590
80909099
81111513
81111595
81111596
81111598
81111801
81111809
81112299
82111804
82141705
84131699
86101695
86101698
86111599
86141796
86141797
90101699
90121598
90121599
99241016
99271120
99301519
99301522
99301616
99401616
99411122
99411131
99432217
99451118
99461716
99461915
99521615