10191598
10191799
11161701
11161804
12141901
12141902
12142004
12142005
12142104
12142105
12142106
12142108
12142180
12142189
12161698
12164910
12352305
13111027
14111508
14111514
14111608
14111701
14111806
15101506
15121503
15121504
15121509
15121520
15121527
15121802
15121804
15121902
20143302
21101589
21101897
23152198
23271486
24101608
24101626
24111506
24111511
24112108
24112414
24141603
25101514
25101792
25101802
25111942
25171702
25171708
25172011
25172101
25172105
25172106
25172108
25172110
25172197
25172406
25172504
25173805
25173899
25174107
25174402
25174406
25174489
25174498
25174803
25174893
25174897
25175002
25179995
26111508
26111699
26111707
26111709
26111711
26121603
26121606
26121607
26121637
26121652
26141799
27113201
30103297
30111504
